0
1
4
5
6
7
8
9
10
11
12
13
14
16
17
18
19
20
21
22
24
26
27
28
29
30
31
32
34
35
36
37
38
39
40
42
43
44
45
46
50
51
52
54
55
56
57
58
59
60
61
62
63
65
66
68
69
70
71
72
74
75
76
77
78
79
80
82
83
84
86
87
89
90
91
92
93
94
95
96
97
99
100
101
102
103
104
105
106
107
108
109
110
112
113
114
115
116
117
118
119
120
121
122
123
124
125
126
128
129
130
133
135
136
137
138
140
142
143
144
146
148
149
150
152
153
154
155
156
157
158
159
160
162
163
166
167
168
169
170
171
172
176
177
179
180
182
184
185
186
187
189
190
192
193
195
197
198
199
201
202
203
204
205
206
208
209
210
211
212
213
215
216
217
218
219
220
221
222
223
224
225
226
227
229
230
232
234
236
237
238
240
241
242
243
244
245
246
247
249
250
